  30. -0.0754486471  0.471733063
  30.6987915 -0.0650953725  0.462762475
  31.4138565 -0.0542425923  0.452847838
  32.1455765 -0.0443678573  0.442680001
  32.8943481 -0.0349123031  0.432745367
  33.660553 -0.0255657732  0.423031032
  34.4446106 -0.0158367734  0.413415581
  35.2469254 -0.00648598699  0.402000159
  36.0679321  0.00143906288  0.390684992
  36.9080658  0.00854290184  0.37968871
  37.7677612  0.0150493076  0.369001925
  38.6474876  0.0210754387  0.358616501
  39.5477028  0.0266995449  0.348522842
  40.4688873  0.0320016108  0.338712424
  41.4115295  0.0371092483  0.329046279
  42.3761292  0.0417851359  0.31942603
  43.3631935  0.0460542291  0.310075581
  44.3732529  0.0500023887  0.300998002
  45.4068375  0.0537071638  0.292187095
  46.4645004  0.0571998544  0.283634186
  47.5467987  0.060587626  0.275301784
  48.6543007  0.0637613609  0.266977638
  49.7876053  0.0666183829  0.258872241
  50.9473114  0.0692809895  0.251014292
  52.1340256  0.0717599541  0.243394762
  53.348381  0.0741283149  0.236006916
  54.5910263  0.0763892308  0.228842601
  55.8626137  0.0786069334  0.221895665
  57.1638222  0.0809035078  0.215159833
  58.4953384  0.0833567902  0.208294958
  59.857872  0.0854120255  0.201220974
  61.25214  0.0871751904  0.194387183
  62.6788826  0.0888083726  0.187786236
  64.1388626  0.0903420895  0.181408733
  65.6328506  0.0918640941  0.175249845
  67.1616364  0.0934292376  0.16930294
  68.7260361  0.0951363072  0.163557202
  70.3268661  0.0974275991  0.157950073
  71.9649887  0.0998516977  0.151384056
  73.6412735  0.101617984  0.144654334
  75.3565979  0.103369243  0.138224512
  77.1118774  0.105125219  0.131053507
  78.9080429  0.106119528  0.123826623
  80.746048  0.106777802  0.116958901
  82.6268616  0.107265532  0.110142909
  84.5514908  0.107525818  0.103639901
  86.5209427  0.108158469  0.0975209177
  88.5362778  0.109320663  0.0906271562
  90.5985565  0.109515071  0.08339376
  92.7088699  0.11027734  0.0767242983
  94.8683319  0.11142645  0.0680615082
  97.0781021  0.111091577  0.0587173812
  99.3393402  0.109017797  0.047792837
  101.653252  0.103902467  0.0382415615
  104.021057  0.0979721174  0.030600138
  106.444023  0.0918198153  0.0244487803
  108.923424  0.0856920853  0.0193036851
  111.460579  0.0795344412  0.0151527412
  114.056824  0.073595278  0.0118948389
  116.713547  0.067830883  0.0093711894
  119.432159  0.0624703355  0.00777020631
  122.214088  0.0578066185  0.00662322668
  125.060822  0.053620033  0.00564552285
  127.973854  0.0497392304  0.00487213908
  130.954758  0.046183113  0.00426511234
  134.005081  0.0428444408  0.003827682
  137.126465  0.0398250222  0.00353380153
  140.320541  0.0370371528  0.00332690286
  143.589035  0.0344696231  0.00323242927
  146.933655  0.0321509279  0.00316051883
  150.356186  0.0299606845  0.00314521324
  153.858414  0.0279699247  0.00320031238
  157.442245  0.0261288527  0.00325837242
  161.109558  0.0243958216  0.00340796378
  164.862274  0.0228798818  0.00363038271
  168.702408  0.0215608124  0.0038327314
  172.631989  0.0204212088  0.00398577517
  176.653107  0.0193614215  0.00406626984
  180.767883  0.0184051264  0.00412121927
  184.978516  0.0175064635  0.0041054613
  189.287216  0.0166584905  0.00408252794
  193.696274  0.015863847  0.00402455265
  198.208054  0.0150985047  0.00394810922
  202.824905  0.0143623631  0.00385777443
  207.549301  0.0136550963  0.00376948691
  212.383743  0.0129804239  0.00368325296
  217.330795  0.0123391235  0.00359896757
  222.393097  0.0117308442  0.00351662165
  227.573288  0.0111551937  0.00343615841
  232.874146  0.0106140329  0.0033575336
  238.298492  0.0101175681  0.00326901162
  243.849167  0.00963347498  0.00316064199
  249.529144  0.00915925205  0.00305329449
  255.341431  0.00870443694  0.0029495887
  261.289093  0.00826950278  0.00284192944
  267.375305  0.00784701575  0.00273553072
  273.603271  0.00744302431  0.00263307709
  279.976288  0.00706082815  0.00251964061
  286.497803  0.00667716609  0.00239542616
  293.171204  0.00629305514  0.00227729208
  300.000031  0.00591640407  0.00216486887