  30.  0.2476549  0.266615063
  30.6987915  0.242174342  0.252222717
  31.4138565  0.236539185  0.238699138
  32.1455765  0.230836093  0.225977138
  32.8943481  0.225122675  0.214011267
  33.660553  0.21945712  0.202752203
  34.4446106  0.213892683  0.192153782
  35.2469254  0.208532244  0.18221204
  36.0679321  0.203660905  0.172917604
  36.9080658  0.19920896  0.162879989
  37.7677612  0.193999231  0.153178617
  38.6474876  0.188567892  0.144072235
  39.5477028  0.183141738  0.135455176
  40.4688873  0.177612558  0.12721093
  41.4115295  0.171989366  0.119462684
  42.3761292  0.166383937  0.112202913
  43.3631935  0.160809189  0.105401486
  44.3732529  0.155294821  0.0990284979
  45.4068375  0.149829075  0.0931227803
  46.4645004  0.144582003  0.0877458975
  47.5467987  0.139614016  0.0826869756
  48.6543007  0.134980097  0.0778566301
  49.7876053  0.130473986  0.0729700029
  50.9473114  0.125836134  0.0683026686
  52.1340256  0.121236287  0.0639356077
  53.348381  0.116673961  0.0598665737
  54.5910263  0.112220012  0.0561350249
  55.8626137  0.107941695  0.052659519
  57.1638222  0.103811219  0.049400419
  58.4953384  0.0998242497  0.0463444218
  59.857872  0.0959851593  0.0434784107
  61.25214  0.0923141018  0.0407692976
  62.6788826  0.088736698  0.0381474793
  64.1388626  0.0852401406  0.0356930643
  65.6328506  0.081844382  0.0333973616
  67.1616364  0.0785564035  0.0312503837
  68.7260361  0.0753774717  0.0292423908
  70.3268661  0.0723038986  0.0273674577
  71.9649887  0.0693435222  0.0256193411
  73.6412735  0.0664932281  0.0239841528
  75.3565979  0.0637505576  0.0224541128
  77.1118774  0.0611113198  0.0210223217
  78.9080429  0.0585732795  0.0196823794
  80.746048  0.0561337098  0.0184284505
  82.6268616  0.0537895001  0.0172548331
  84.5514908  0.0515384264  0.0161562581
  86.5209427  0.0493769459  0.0151280249
  88.5362778  0.0473033898  0.014165624
  90.5985565  0.045315031  0.0132648451
  92.7088699  0.043410372  0.0124217179
  94.8683319  0.0415887386  0.0116324956
  97.0781021  0.0398529395  0.0108937277
  99.3393402  0.0382185094  0.0101820109
  101.653252  0.036619883  0.00946308114
  104.021057  0.0350616537  0.00879506394
  106.444023  0.0335524492  0.00817419589
  108.923424  0.0320980959  0.00759724109
  111.460579  0.0306978524  0.00706104189
  114.056824  0.0293516833  0.00656274334
  116.713547  0.0280586239  0.00609967578
  119.432159  0.026817102  0.00566928368
  122.214088  0.0256263297  0.0052693137
  125.060822  0.0244838744  0.00489756651
  127.973854  0.0233889874  0.00455200998
  130.954758  0.022339711  0.00423089415
  134.005081  0.0213335305  0.00393082621
  137.126465  0.0203685388  0.00365476124
  140.320541  0.0194459781  0.00339888479
  143.589035  0.0185635611  0.00316098123
  146.933655  0.0177190863  0.00293973181
  150.356186  0.0169113502  0.00273400079
  153.858414  0.0161384922  0.00254268269
  157.442245  0.0153993815  0.00236478471
  161.109558  0.0146924946  0.00219933875
  164.862274  0.0140166385  0.00204549218
  168.702408  0.0133707356  0.00190240447
  172.631989  0.0127537474  0.00176933664
  176.653107  0.0121652689  0.00164558133
  180.767883  0.0116083585  0.00152874261
  184.978516  0.0110770436  0.00140841305
  189.287216  0.0105577782  0.00128992507
  193.696274  0.0100543685  0.00118105114
  198.208054  0.00956874713  0.00108137203
  202.824905  0.00910071936  0.000990103348
  207.549301  0.00865061861  0.000906544446
  212.383743  0.00821668655  0.000830035424
  217.330795  0.00779918581  0.000759986287
  222.393097  0.00739602745  0.00069609849
  227.573288  0.00700720167  0.000637868536
  232.874146  0.00663078856  0.000584511203
  238.298492  0.00626398809  0.000535968225
  243.849167  0.00590680819  0.000493851257
  249.529144  0.00555716362  0.000454834633
  255.341431  0.00521005597  0.000418081792
  261.289093  0.00485382974  0.000384324783
  267.375305  0.00447911397  0.000353320647
  273.603271  0.00404086942  0.000324824621
  279.976288  0.00335998088  0.000298524246
  286.497803  0.00295628118  0.00183717965
  293.171204  0.0035423974  0.00170455489
  300.000031  0.00367632508  0.00158151134