  30.  0.113290235  0.0410340764
  30.6987915  0.106502697  0.0364262275
  31.4138565  0.100053139  0.0323353931
  32.1455765  0.0941135362  0.0286319051
  32.8943481  0.0883424431  0.0249371063
  33.660553  0.0825093612  0.0216617733
  34.4446106  0.0768615976  0.0188164003
  35.2469254  0.0714107528  0.0163449198
  36.0679321  0.0661871061  0.0141979894
  36.9080658  0.061087396  0.0123887183
  37.7677612  0.0563096404  0.0109692449
  38.6474876  0.0518268049  0.00973027851
  39.5477028  0.0475048907  0.00873789378
  40.4688873  0.0435382463  0.00801460259
  41.4115295  0.0398803242  0.00736719696
  42.3761292  0.036422234  0.00677682459
  43.3631935  0.0331708454  0.00630394975
  44.3732529  0.0301120412  0.00586412847
  45.4068375  0.0271866284  0.00545503013
  46.4645004  0.0243599676  0.00511817727
  47.5467987  0.0216854401  0.00484835543
  48.6543007  0.0191006828  0.00459748693
  49.7876053  0.0166010037  0.0044261422
  50.9473114  0.0142102577  0.00428394647
  52.1340256  0.0118811233  0.00416159723
  53.348381  0.00959400646  0.00407686457
  54.5910263  0.00734099187  0.0039954586
  55.8626137  0.00505597424  0.00393366255
  57.1638222  0.00271343393  0.00389160146
  58.4953384  0.000247101125  0.00384998159
  59.857872 -0.00261566951  0.00387064787
  61.25214 -0.00592126558  0.00404251553
  62.6788826 -0.0111234887  0.0054131588
  64.1388626 -0.0159291346  0.0108761983
  65.6328506 -0.011698504  0.0190386511
  67.1616364 -0.00712408731  0.0163976941
  68.7260361 -0.00843399018  0.0129034501
  70.3268661 -0.0131290751  0.0129945436
  71.9649887 -0.0160999913  0.0154449251
  73.6412735 -0.0180373695  0.0183571354
  75.3565979 -0.0193246715  0.0218182169
  77.1118774 -0.0195095241  0.0254204255
  78.9080429 -0.0189917348  0.0290186461
  80.746048 -0.0177740771  0.0321587138
  82.6268616 -0.0163890999  0.0352061763
  84.5514908 -0.013847488  0.0382968299
  86.5209427 -0.0111191291  0.0401172712
  88.5362778 -0.00856652204  0.0420241691
  90.5985565 -0.00502926996  0.0437135324
  92.7088699 -0.0015343196  0.0444089733
  94.8683319  0.0020685948  0.0449471921
  97.0781021  0.0062020137  0.0444864966
  99.3393402  0.00955716521  0.0433914848
  101.653252  0.0128788259  0.0421894975
  104.021057  0.0161402989  0.04029705
  106.444023  0.0189203601  0.0382587686
  108.923424  0.0216901321  0.0356952287
  111.460579  0.0239460655  0.0327570178
  114.056824  0.0261831842  0.0291706193
  116.713547  0.0270329602  0.0251791868
  119.432159  0.0271878801  0.021728754
  122.214088  0.0273428652  0.0185159128
  125.060822  0.0266100392  0.0149123613
  127.973854  0.0253187232  0.0120098554
  130.954758  0.0237955935  0.00967270508
  134.005081  0.022217989  0.00779024046
  137.126465  0.0206547212  0.00627403287
  140.320541  0.0191429127  0.00505976938
  143.589035  0.0177188702  0.0040891883
  146.933655  0.0163895544  0.00330505334
  150.356186  0.0151519338  0.00267130625
  153.858414  0.0140071325  0.00215120683
  157.442245  0.0129257748  0.00171960425
  161.109558  0.0118983928  0.00139600039
  164.862274  0.0109620951  0.00116219861
  168.702408  0.0100832768  0.000983013539
  172.631989  0.00930186454  0.000893329328
  176.653107  0.0085851755  0.000822250324
  180.767883  0.00794790592  0.000803165312
  184.978516  0.00738252886  0.000789548852
  189.287216  0.00687090075  0.000780767878
  193.696274  0.00639670854  0.000779593363
  198.208054  0.0059651183  0.000794707681
  202.824905  0.00557864271  0.000812373648
  207.549301  0.00522527425  0.000830710924
  212.383743  0.00490339939  0.000849831966
  217.330795  0.00460790796  0.000869385025
  222.393097  0.00433893595  0.00088881125
  227.573288  0.00409148866  0.000906516972
  232.874146  0.00386417634  0.000924479391
  238.298492  0.00365685881  0.000942800543
  243.849167  0.00347226812  0.000961043115
  249.529144  0.00330677745  0.000967803178
  255.341431  0.0031492305  0.000969760469
  261.289093  0.0030031288  0.000971724687
  267.375305  0.00287242932  0.000973688962
  273.603271  0.00275675301  0.000964950654
  279.976288  0.0026427526  0.000947464956
  286.497803  0.00253282185  0.000930296897
  293.171204  0.00243010535  0.000913439086
  300.000031  0.00233885134  0.000896888378