  30.  0.172505215  0.11281988
  30.6987915  0.167115614  0.100582145
  31.4138565  0.161038727  0.0896709636
  32.1455765  0.15469043  0.0799436718
  32.8943481  0.148246661  0.0712717026
  33.660553  0.141891345  0.0635407269
  34.4446106  0.13589713  0.056510821
  35.2469254  0.129689842  0.049545262
  36.0679321  0.12328472  0.0434380583
  36.9080658  0.116906501  0.0380836017
  37.7677612  0.110695668  0.033389274
  38.6474876  0.104686677  0.0292737689
  39.5477028  0.0989139006  0.0256651826
  40.4688873  0.0933978856  0.0225016866
  41.4115295  0.0881588906  0.0197280217
  42.3761292  0.0831856653  0.0172292665
  43.3631935  0.0783970729  0.0150192147
  44.3732529  0.0738352016  0.0130926911
  45.4068375  0.0694993436  0.0114132799
  46.4645004  0.0653883889  0.00994922407
  47.5467987  0.0614937544  0.00867306069
  48.6543007  0.0578051694  0.00756055489
  49.7876053  0.0542970635  0.00659220619
  50.9473114  0.0509855598  0.00579357147
  52.1340256  0.047884576  0.00509930076
  53.348381  0.0449614339  0.00448825583
  54.5910263  0.0421965234  0.0039504231
  55.8626137  0.0395655446  0.00348031917
  57.1638222  0.0370528102  0.00311352895
  58.4953384  0.0347200073  0.00281922729
  59.857872  0.0325194411  0.00255273841
  61.25214  0.0304206647  0.00234041433
  62.6788826  0.0284668393  0.00218822644
  64.1388626  0.0266341437  0.00204673433
  65.6328506  0.0248959363  0.0019183266
  67.1616364  0.0232489444  0.00180965592
  68.7260361  0.0216753837  0.00170920638
  70.3268661  0.0201743282  0.00163431512
  71.9649887  0.0187453218  0.00156425289
  73.6412735  0.0173652023  0.00150512252
  75.3565979  0.0160345398  0.00145034515
  77.1118774  0.0147257401  0.0013997464
  78.9080429  0.0134308888  0.00136295916
  80.746048  0.0121280337  0.00133235764
  82.6268616  0.010774726  0.00131509884
  84.5514908  0.00932703074  0.00130344916
  86.5209427  0.0075581749  0.00129272125
  88.5362778  0.00497561041  0.0012936542
  90.5985565 -0.000263331429  0.00305669499
  92.7088699  0.00103794015  0.0152213573
  94.8683319  0.0117881866  0.0100313649
  97.0781021  0.0115092499  0.00740392925
  99.3393402  0.0110996766  0.00540260179
  101.653252  0.00962738227  0.00373572204
  104.021057  0.00828598719  0.0030868724
  106.444023  0.00689620432  0.00272469711
  108.923424  0.0057196198  0.00291538518
  111.460579  0.00488108629  0.00317029981
  114.056824  0.00419566268  0.00344742462
  116.713547  0.00362431724  0.00374870212
  119.432159  0.00317184464  0.00406275317
  122.214088  0.00279397052  0.0043669939
  125.060822  0.00251118722  0.00468779961
  127.973854  0.00234448025  0.00496417144
  130.954758  0.00218717568  0.00517521193
  134.005081  0.00205998076  0.00539186131
  137.126465  0.0020050325  0.00561061641
  140.320541  0.00203657197  0.00574072124
  143.589035  0.00202749716  0.00580863003
  146.933655  0.00201362954  0.00587741332
  150.356186  0.0020145399  0.00594699336
  153.858414  0.0020771788  0.00599798933
  157.442245  0.00213157362  0.00598258013
  161.109558  0.00216538482  0.00596004166
  164.862274  0.00220283447  0.00593748968
  168.702408  0.00227301684  0.00591074908
  172.631989  0.00234656618  0.00582154561
  176.653107  0.0023870836  0.00572164496
  180.767883  0.00241632806  0.00562337134
  184.978516  0.00244183559  0.00552681787
  189.287216  0.00247067097  0.00543013867
  193.696274  0.00250091869  0.00532386359
  198.208054  0.00252446742  0.00521559687
  202.824905  0.0025488399  0.0051095509
  207.549301  0.00258058798  0.00500532286
  212.383743  0.00261943252  0.00487788068
  217.330795  0.00264279451  0.00474543683
  222.393097  0.00265985751  0.00461657345
  227.573288  0.00267590559  0.00449121743
  232.874146  0.00270028412  0.00436743675
  238.298492  0.00272679236  0.0042287414
  243.849167  0.00274167815  0.00408580154
  249.529144  0.00275333505  0.00394772738
  255.341431  0.00277536875  0.00381429051
  261.289093  0.00280646514  0.00365150883
  267.375305  0.00280855084  0.00346937752
  273.603271  0.00278890249  0.00329633919
  279.976288  0.00275785662  0.00313191768
  286.497803  0.00271925749  0.00297570415
  293.171204  0.00267481338  0.00282728812
  300.000031  0.00262648542  0.00268626935